1 2
1 9
2 3
2 10
3 4
3 11
4 5
4 12
5 6
5 13
6 7
6 14
7 8
7 15
8 16
9 10
9 17
10 11
10 18
11 12
11 19
12 13
12 20
13 14
13 21
14 15
15 16
17 18
17 25
18 19
18 26
19 20
19 27
20 21
20 28
21 29
22 23
22 30
23 24
23 31
24 32
25 26
25 33
26 27
26 34
27 28
27 35
28 29
30 31
30 38
31 32
31 39
32 40
33 34
33 41
34 35
34 42
35 43
36 37
36 44
37 38
37 45
38 39
38 46
39 40
39 47
40 48
41 42
42 43
44 45
44 52
45 46
45 53
46 47
46 54
47 48
47 55
48 56
49 50
49 57
50 51
50 58
51 52
51 59
52 53
52 60
53 54
53 61
54 55
54 62
55 56
55 63
56 64
57 58
58 59
59 60
60 61
61 62
62 63
63 64
